
============================== MODEL =================================

interpretation( 12, [number=1, seconds=0], [

        function(taa, [ 0 ]),

        function(tfc2, [ 0 ]),

        function(tpd1, [ 0 ]),

        function(tr, [ 0 ]),

        function(tre1, [ 0 ]),

        function(tt1, [ 0 ]),

        function(tt2, [ 0 ]),

        function(tth2, [ 0 ]),

        function(ttr1, [ 0 ]),

        relation(Air_traffic_0000001(_), [ 0, 0, 0, 0, 0, 1, 1, 0, 0, 0, 0, 0 ]),

        relation(Air_traffic_0000002(_), [ 0, 0, 0, 0, 0, 0, 0, 1, 1, 0, 0, 0 ]),

        relation(Air_traffic_0000003(_), [ 0, 0, 0, 0, 0, 0, 0, 0, 0, 1, 0, 0 ]),

        relation(Air_traffic_0000018(_), [ 0, 0, 0, 0, 0, 1, 1, 0, 0, 0, 0, 0 ]),

        relation(Air_traffic_0000025(_), [ 0, 1, 1, 1, 1, 0, 0, 0, 0, 0, 0, 0 ]),

        relation(Air_traffic_0000026(_), [ 0, 1, 1, 1, 1, 0, 0, 0, 0, 0, 0, 0 ]),

        relation(Air_traffic_0000029(_), [ 0, 1, 1, 1, 0, 0, 0, 0, 0, 0, 0, 0 ]),

        relation(Air_traffic_0000035(_), [ 0, 1, 1, 0, 0, 0, 0, 0, 0, 0, 0, 0 ]),

        relation(Air_traffic_0000038(_,_), [
			   0, 0, 0, 0, 0, 0, 0, 0, 0, 0, 0, 0,
			   0, 0, 0, 0, 0, 0, 0, 0, 0, 0, 0, 0,
			   0, 0, 0, 0, 0, 0, 0, 0, 0, 0, 0, 0,
			   0, 0, 0, 0, 0, 0, 0, 0, 0, 0, 0, 0,
			   0, 0, 0, 1, 0, 0, 0, 0, 0, 0, 0, 0,
			   0, 0, 0, 0, 0, 0, 0, 0, 0, 0, 0, 0,
			   0, 0, 0, 0, 0, 0, 0, 0, 0, 0, 0, 0,
			   0, 0, 0, 0, 0, 0, 0, 0, 0, 0, 0, 0,
			   0, 0, 0, 0, 0, 0, 0, 0, 0, 0, 0, 0,
			   0, 0, 0, 0, 0, 0, 0, 0, 0, 0, 0, 0,
			   0, 0, 0, 0, 0, 0, 0, 0, 0, 0, 0, 0,
			   0, 0, 0, 0, 0, 0, 0, 0, 0, 0, 0, 0 ]),

        relation(Air_traffic_0000039(_,_), [
			   0, 0, 0, 0, 0, 0, 0, 0, 0, 0, 0, 0,
			   0, 0, 0, 0, 0, 0, 0, 0, 0, 0, 0, 0,
			   0, 0, 0, 0, 0, 0, 0, 0, 0, 0, 0, 0,
			   0, 1, 1, 0, 0, 0, 0, 0, 0, 0, 0, 0,
			   0, 0, 0, 0, 0, 0, 0, 0, 0, 0, 0, 0,
			   0, 0, 0, 0, 0, 0, 0, 0, 0, 0, 0, 0,
			   0, 0, 0, 0, 0, 0, 0, 0, 0, 0, 0, 0,
			   0, 0, 0, 0, 0, 0, 0, 0, 0, 0, 0, 0,
			   0, 0, 0, 0, 0, 0, 0, 0, 0, 0, 0, 0,
			   0, 0, 0, 0, 0, 0, 0, 0, 0, 0, 0, 0,
			   0, 0, 0, 0, 0, 0, 0, 0, 0, 0, 0, 0,
			   0, 0, 0, 0, 0, 0, 0, 0, 0, 0, 0, 0 ]),

        relation(Air_traffic_0000040(_,_), [
			   0, 0, 0, 0, 0, 0, 0, 0, 0, 0, 0, 0,
			   0, 0, 0, 0, 0, 0, 0, 0, 1, 0, 0, 0,
			   0, 0, 0, 0, 0, 0, 0, 0, 0, 0, 0, 0,
			   0, 0, 0, 0, 0, 0, 0, 0, 0, 0, 0, 0,
			   0, 0, 0, 0, 0, 0, 0, 0, 0, 0, 0, 0,
			   0, 0, 0, 0, 0, 0, 0, 0, 0, 0, 0, 0,
			   0, 0, 0, 0, 0, 0, 0, 0, 0, 0, 0, 0,
			   0, 0, 0, 0, 0, 0, 0, 0, 0, 0, 0, 0,
			   0, 0, 0, 0, 0, 0, 0, 0, 0, 0, 0, 0,
			   0, 0, 0, 0, 0, 0, 0, 1, 0, 0, 0, 0,
			   0, 0, 0, 0, 0, 0, 0, 0, 0, 0, 0, 0,
			   0, 0, 0, 0, 0, 0, 0, 0, 0, 0, 0, 0 ]),

        relation(Air_traffic_0000041(_,_), [
			   0, 0, 0, 0, 0, 0, 0, 0, 0, 0, 0, 0,
			   0, 0, 0, 0, 0, 1, 0, 0, 0, 0, 0, 0,
			   0, 0, 0, 0, 0, 0, 1, 0, 0, 0, 0, 0,
			   0, 0, 0, 0, 0, 0, 0, 0, 0, 0, 0, 0,
			   0, 0, 0, 0, 0, 0, 0, 0, 0, 0, 0, 0,
			   0, 0, 0, 0, 0, 0, 0, 0, 0, 0, 0, 0,
			   0, 0, 0, 0, 0, 0, 0, 0, 0, 0, 0, 0,
			   0, 0, 0, 0, 0, 0, 0, 0, 0, 0, 0, 0,
			   0, 0, 0, 0, 0, 0, 0, 0, 0, 0, 0, 0,
			   0, 0, 0, 0, 0, 0, 0, 0, 0, 0, 0, 0,
			   0, 0, 0, 0, 0, 0, 0, 0, 0, 0, 0, 0,
			   0, 0, 0, 0, 0, 0, 0, 0, 0, 0, 0, 0 ]),

        relation(Air_traffic_0000042(_,_), [
			   0, 0, 0, 0, 0, 0, 0, 0, 0, 0, 0, 0,
			   0, 0, 0, 0, 0, 0, 0, 0, 0, 0, 0, 0,
			   0, 0, 0, 0, 0, 0, 0, 0, 0, 0, 0, 0,
			   0, 0, 0, 0, 0, 0, 0, 0, 0, 0, 0, 0,
			   0, 0, 0, 0, 0, 0, 0, 0, 0, 0, 0, 0,
			   0, 0, 0, 0, 0, 0, 0, 0, 0, 0, 0, 0,
			   0, 0, 0, 0, 0, 0, 0, 0, 0, 0, 0, 0,
			   0, 0, 0, 0, 0, 0, 0, 0, 0, 0, 0, 0,
			   0, 0, 0, 0, 0, 0, 0, 0, 0, 0, 0, 0,
			   0, 0, 0, 0, 0, 0, 0, 0, 0, 0, 0, 1,
			   0, 0, 0, 0, 0, 0, 0, 0, 0, 0, 0, 0,
			   0, 0, 0, 0, 0, 0, 0, 0, 0, 0, 0, 0 ]),

        relation(Air_traffic_0000043(_,_), [
			   0, 0, 0, 0, 0, 0, 0, 0, 0, 0, 0, 0,
			   0, 0, 0, 0, 0, 0, 0, 0, 0, 0, 0, 0,
			   0, 0, 0, 0, 0, 0, 0, 0, 0, 0, 0, 0,
			   0, 0, 0, 0, 0, 0, 0, 0, 0, 0, 0, 0,
			   0, 0, 0, 0, 0, 0, 0, 0, 0, 0, 0, 0,
			   0, 0, 0, 0, 0, 0, 0, 0, 0, 0, 0, 0,
			   0, 0, 0, 0, 0, 0, 0, 0, 0, 0, 0, 0,
			   0, 0, 0, 0, 0, 0, 0, 0, 0, 0, 0, 0,
			   0, 0, 0, 0, 0, 0, 0, 0, 0, 0, 0, 0,
			   0, 0, 0, 0, 0, 0, 0, 0, 0, 0, 1, 0,
			   0, 0, 0, 0, 0, 0, 0, 0, 0, 0, 0, 0,
			   0, 0, 0, 0, 0, 0, 0, 0, 0, 0, 0, 0 ]),

        relation(Air_traffic_0000044(_,_), [
			   0, 0, 0, 0, 0, 0, 0, 0, 0, 0, 0, 0,
			   0, 0, 0, 0, 0, 0, 0, 0, 0, 0, 0, 0,
			   0, 0, 0, 0, 0, 0, 0, 0, 0, 0, 0, 0,
			   0, 0, 0, 0, 0, 0, 0, 0, 0, 0, 0, 0,
			   0, 0, 0, 0, 0, 0, 0, 0, 0, 0, 0, 0,
			   0, 0, 0, 0, 0, 0, 0, 0, 0, 0, 0, 0,
			   0, 0, 0, 0, 0, 0, 0, 0, 0, 0, 0, 0,
			   0, 0, 0, 0, 0, 0, 0, 0, 0, 0, 0, 0,
			   0, 0, 0, 0, 0, 0, 0, 1, 0, 0, 0, 0,
			   0, 0, 0, 0, 0, 0, 0, 0, 0, 0, 0, 0,
			   0, 0, 0, 0, 0, 0, 0, 0, 0, 0, 0, 0,
			   0, 0, 0, 0, 0, 0, 0, 0, 0, 0, 0, 0 ]),

        relation(Air_traffic_0000045(_,_), [
			   0, 0, 0, 0, 0, 0, 0, 0, 0, 0, 0, 0,
			   0, 0, 0, 0, 0, 0, 0, 0, 0, 0, 0, 0,
			   0, 0, 0, 0, 0, 0, 0, 0, 0, 0, 0, 0,
			   0, 0, 0, 0, 0, 0, 0, 0, 0, 0, 0, 0,
			   0, 0, 0, 0, 0, 0, 0, 0, 0, 0, 0, 0,
			   0, 0, 0, 0, 0, 0, 0, 0, 0, 0, 0, 0,
			   0, 0, 0, 0, 0, 0, 0, 0, 0, 0, 0, 0,
			   0, 0, 0, 0, 0, 0, 0, 0, 0, 0, 0, 0,
			   0, 0, 0, 0, 0, 0, 0, 0, 0, 0, 0, 0,
			   0, 0, 0, 0, 0, 0, 0, 0, 0, 0, 0, 0,
			   0, 0, 0, 0, 0, 1, 0, 0, 0, 0, 0, 0,
			   0, 0, 0, 0, 0, 0, 0, 0, 0, 0, 0, 0 ]),

        relation(Air_traffic_0000046(_,_), [
			   0, 0, 0, 0, 0, 0, 0, 0, 0, 0, 0, 0,
			   0, 0, 0, 0, 0, 0, 0, 0, 0, 0, 0, 0,
			   0, 0, 0, 0, 0, 0, 0, 0, 0, 0, 0, 0,
			   0, 0, 0, 0, 0, 0, 0, 0, 0, 0, 0, 0,
			   0, 0, 0, 0, 0, 0, 0, 0, 0, 0, 0, 0,
			   0, 0, 0, 0, 0, 0, 0, 0, 0, 0, 0, 0,
			   0, 0, 0, 0, 0, 0, 0, 0, 0, 0, 0, 0,
			   0, 0, 0, 0, 0, 0, 0, 0, 0, 0, 0, 0,
			   0, 0, 0, 0, 0, 0, 0, 0, 0, 0, 0, 0,
			   0, 0, 0, 0, 0, 0, 0, 0, 0, 0, 0, 0,
			   0, 0, 0, 0, 0, 0, 0, 0, 0, 0, 0, 0,
			   0, 0, 0, 0, 0, 0, 0, 0, 0, 0, 0, 0 ])
]).

============================== end of model ==========================

============================== STATISTICS ============================

For domain size 12.

Current CPU time: 0.00 seconds (total CPU time: 0.01 seconds).
Ground clauses: seen=645, kept=549.
Selections=955, assignments=955, propagations=446, current_models=1.
Rewrite_terms=22, rewrite_bools=985, indexes=12.
Rules_from_neg_clauses=0, cross_offs=0.

============================== end of statistics =====================

User_CPU=0.01, System_CPU=0.01, Wall_clock=0.

Exiting with 1 model.

Process 18533 exit (max_models) Thu Jan 26 21:26:42 2023
The process finished Thu Jan 26 21:26:42 2023
